# OpenART raw-pixel ground mesh; generated by calibrate_ground_camera.py
# Coordinates: X right, Y forward; values use cm.
version=4
model=triangle_mesh
role=master
image_w=320
image_h=240
software_hmirror=1
sensor_vflip=1
lens_corr=0
units=cm
max_x_cm=250
max_y_cm=164
calibrated_y_min_cm=9
calibrated_y_max_cm=164
point_count=24
grid_rows=6
grid_columns=4
grid_row_order=6,5,1,2,3,4
triangle_count=30
boundary_count=16
fallback_model=homography
fallback_h=-13.5915237903,0.129244202774,2279.82195444,0.112351894438,8.61282531593,-2995.18215693,0.00979637775242,-0.55239517208,1
fallback_fit_rms_cm=1.72745946871
fallback_fit_max_cm=3.19093448571
point0=30,69.5,-50,65
point1=123,68.5,-18,65
point2=213.5,69.5,18,65
point3=296,71.5,50,65
point4=70,50.5,-50,98
point5=134,51.5,-18,98
point6=201.5,52.5,18,98
point7=262.5,53.5,50,98
point8=95,39.5,-50,131
point9=142,40.5,-18,131
point10=193,41.5,18,131
point11=242.5,41.5,50,131
point12=107,33.5,-50,164
point13=148.5,34.5,-18,164
point14=188,34.5,18,164
point15=230,35.5,50,164
point16=44.5,119.5,-26,30
point17=117,121.5,-10,30
point18=176,124.5,2,30
point19=279.5,126.5,25,30
point20=49.5,219.5,-16,9
point21=124,220.5,-6,9
point22=235,220.5,6,9
point23=279.5,219.5,12,9
triangle0=49.5,219.5,-16,9,117,121.5,-10,30,124,220.5,-6,9
triangle1=49.5,219.5,-16,9,44.5,119.5,-26,30,117,121.5,-10,30
triangle2=124,220.5,-6,9,176,124.5,2,30,235,220.5,6,9
triangle3=124,220.5,-6,9,117,121.5,-10,30,176,124.5,2,30
triangle4=235,220.5,6,9,279.5,126.5,25,30,279.5,219.5,12,9
triangle5=235,220.5,6,9,176,124.5,2,30,279.5,126.5,25,30
triangle6=44.5,119.5,-26,30,123,68.5,-18,65,117,121.5,-10,30
triangle7=44.5,119.5,-26,30,30,69.5,-50,65,123,68.5,-18,65
triangle8=117,121.5,-10,30,123,68.5,-18,65,176,124.5,2,30
triangle9=176,124.5,2,30,123,68.5,-18,65,213.5,69.5,18,65
triangle10=176,124.5,2,30,213.5,69.5,18,65,279.5,126.5,25,30
triangle11=279.5,126.5,25,30,213.5,69.5,18,65,296,71.5,50,65
triangle12=30,69.5,-50,65,70,50.5,-50,98,123,68.5,-18,65
triangle13=123,68.5,-18,65,70,50.5,-50,98,134,51.5,-18,98
triangle14=123,68.5,-18,65,201.5,52.5,18,98,213.5,69.5,18,65
triangle15=123,68.5,-18,65,134,51.5,-18,98,201.5,52.5,18,98
triangle16=213.5,69.5,18,65,262.5,53.5,50,98,296,71.5,50,65
triangle17=213.5,69.5,18,65,201.5,52.5,18,98,262.5,53.5,50,98
triangle18=70,50.5,-50,98,95,39.5,-50,131,134,51.5,-18,98
triangle19=134,51.5,-18,98,95,39.5,-50,131,142,40.5,-18,131
triangle20=134,51.5,-18,98,193,41.5,18,131,201.5,52.5,18,98
triangle21=134,51.5,-18,98,142,40.5,-18,131,193,41.5,18,131
triangle22=201.5,52.5,18,98,242.5,41.5,50,131,262.5,53.5,50,98
triangle23=201.5,52.5,18,98,193,41.5,18,131,242.5,41.5,50,131
triangle24=95,39.5,-50,131,107,33.5,-50,164,142,40.5,-18,131
triangle25=142,40.5,-18,131,107,33.5,-50,164,148.5,34.5,-18,164
triangle26=142,40.5,-18,131,148.5,34.5,-18,164,193,41.5,18,131
triangle27=193,41.5,18,131,148.5,34.5,-18,164,188,34.5,18,164
triangle28=193,41.5,18,131,230,35.5,50,164,242.5,41.5,50,131
triangle29=193,41.5,18,131,188,34.5,18,164,230,35.5,50,164
boundary0=1,49.5,219.5,124,220.5
boundary1=1,124,220.5,235,220.5
boundary2=1,235,220.5,279.5,219.5
boundary3=2,107,33.5,148.5,34.5
boundary4=2,148.5,34.5,188,34.5
boundary5=2,188,34.5,230,35.5
boundary6=3,49.5,219.5,44.5,119.5
boundary7=3,44.5,119.5,30,69.5
boundary8=3,30,69.5,70,50.5
boundary9=3,70,50.5,95,39.5
boundary10=3,95,39.5,107,33.5
boundary11=4,279.5,219.5,279.5,126.5
boundary12=4,279.5,126.5,296,71.5
boundary13=4,296,71.5,262.5,53.5
boundary14=4,262.5,53.5,242.5,41.5
boundary15=4,242.5,41.5,230,35.5
